volMax pesoMax custo matricula
343 277 15226 MU11PP
325 316 13378 SU48BA
394 379 13241 UX03EC
287 342 15977 HL08RP
325 316 13378 NK78BP
328 398 13956 WE83GJ
292 316 16581 PA56OW
382 304 14967 DQ66XY
262 384 15363 JB91AW
335 265 15168 YD65RJ
343 277 15226 XP92OH
268 346 14777 KW44UH
262 384 15363 QZ73BN
393 377 16543 UV83QQ
355 322 13718 RZ95XI
325 316 13378 GV30EX
355 322 13718 ZU74SR
309 377 15136 RU81OJ
398 378 15048 RZ22ZP
259 354 13356 WK36LE
366 375 15556 RA80DI
328 398 13956 PN10UH
325 316 13378 XP05JW
365 259 16982 MW85XM
388 268 14521 SN39LQ
309 377 15136 RZ61LT
394 379 13241 ZO34JT
265 274 14952 ZX24LS
287 304 15787 SM74NO
259 354 13356 KV74JF
365 301 13406 MX01HO
278 386 16833 KB31WU
287 304 15787 WL59RI
368 308 16575 PM81CH
268 346 14777 RI68BA
256 289 14860 XB45CB
255 275 13025 EY13UG
285 258 13044 XW31VT
376 262 16090 EH55CP
259 310 16154 IF79VF
344 306 14015 CG80FQ
296 271 13742 KC09ZG
258 289 14932 UB63RM
265 274 14952 SZ94SH
393 377 16543 RO45WS
394 379 13241 RX19GU
287 304 15787 YU53WW
365 259 16982 IQ63PI
370 366 13618 IQ53DU
385 254 14819 VE46WQ
368 308 16575 UD51EF
310 387 14105 JH60MU
308 371 13865 ZF62UI
398 378 15048 UB43IS
397 321 13931 TB98CU
355 322 13718 KA51CV
278 386 16833 DZ21TO
268 346 14777 DU02HJ
378 272 15057 EF89ZZ
395 315 16790 FK25PQ
256 289 14860 IK70BU
268 346 14777 DH35XD
365 259 16982 GK14LR
344 306 14015 PA92MC
325 316 13378 RO44IT
385 254 14819 PT90CL
309 377 15136 FK69JY
391 395 13796 IH38QA
343 277 15226 BN41XN
287 304 15787 VG56DY
262 384 15363 HN60CD
281 287 14581 UD41HM
328 398 13956 CK67RW
394 379 13241 SP21GH
292 316 16581 OZ41LQ
382 304 14967 XW88MF
310 387 14105 DY60MD
378 272 15057 AS36GO
395 315 16790 SO12JG
335 265 15168 CW45MX
370 366 13618 MH86FY
388 268 14521 GA38KC
287 304 15787 LZ78YX
287 304 15787 KQ08ZW
370 366 13618 YU55AZ
277 399 14862 PK78TK
287 342 15977 DZ89CU
344 306 14015 PU55MB
385 254 14819 SG46YR
292 289 14548 ZV51HP
393 377 16543 AM54FY
308 371 13865 AR90VK
262 389 15106 TQ76HE
365 259 16982 SI41HZ
256 289 14860 ZU73MM
335 383 16287 SP52RA
398 378 15048 WK62JC
394 379 13241 VH11JV
365 301 13406 JT60DJ
292 316 16581 OT49KN
397 321 13931 PF28GF
255 275 13025 EO24RW
255 275 13025 WP54QM
376 262 16090 TO42PS
262 389 15106 XN55IU
366 375 15556 AL22NM
265 274 14952 MN85KL
288 346 13476 SE69WR
288 346 13476 CG72ZK
355 322 13718 IP13OD
296 271 13742 JM32WI
370 366 13618 PU60HI
397 321 13931 VF34ZW
394 351 15473 VI38FU
256 289 14860 LK37UH
391 395 13796 JA73TL
268 346 14777 MF09MY
336 345 14342 FJ73HS
296 271 13742 QC12DT
292 316 16581 AM10JB
278 386 16833 RH97EG
256 289 14860 IW70CJ
336 345 14342 LG36ME
394 379 13241 EA18TV
256 289 14860 SJ70OI
258 289 14932 JL67YP
277 399 14862 VR66HO
258 289 14932 WK23YG
255 275 13025 YD72CW
278 386 16833 HS48WZ
394 379 13241 TG47ZL
325 316 13378 JH02UH
376 262 16090 IH10QG
253 386 13481 FW81SM
255 275 13025 PJ38EF
335 265 15168 ZA40LD
292 289 14548 CH12CD
376 262 16090 RF73RI
397 321 13931 UY02GF
256 289 14860 VD94YG
335 381 15531 RQ73ED
328 398 13956 KU19FG
344 306 14015 PR62YL
360 331 15444 BC60XK
328 398 13956 MA82JG
292 316 16581 HC01GD
292 289 14548 MP15QK
335 265 15168 MH87KT
310 387 14105 FF86LV
365 301 13406 RZ82LD
325 316 13378 CL13EO
281 287 14581 OM67XR
309 377 15136 YJ92IN
325 316 13378 NN70AC
277 399 14862 XA25RW
292 289 14548 DX53FU
368 308 16575 EW17BO
278 386 16833 VY93HK
287 342 15977 TC67AU
385 254 14819 ND75FD
395 315 16790 VZ86UT
287 342 15977 CC65AA
278 386 16833 DZ83TT
259 310 16154 BB62NG
355 322 13718 VP74OJ
258 289 14932 GL84XG
355 322 13718 FC32PC
259 354 13356 QC11DD
391 395 13796 WR15ZM
394 379 13241 RL79OB
376 262 16090 WH12IN
296 271 13742 GF52CL
287 304 15787 ZN83UG
335 383 16287 WB66FC
262 384 15363 HU94JO
376 262 16090 LM48SG
296 271 13742 MC95EL
277 399 14862 OT35BG
287 342 15977 FN74UZ
262 389 15106 RU12HY
397 321 13931 VZ14PQ
385 254 14819 GR02NI
253 386 13481 XD71PW
394 379 13241 XF71KP
365 301 13406 PE45FJ
277 399 14862 TK66PZ
281 287 14581 MW13MB
259 354 13356 PM01LP
296 271 13742 ND65DS
256 289 14860 DS65FP
368 308 16575 NE22BO
255 275 13025 IF20QH
328 398 13956 ES06KH
336 345 14342 SM37ON
259 310 16154 AF56HG
370 366 13618 IB65VQ
366 375 15556 PQ32VI
328 398 13956 SS87QW
335 265 15168 HT95ZU
343 277 15226 TL11XM
296 271 13742 JX72TL
365 301 13406 GK43BI
355 322 13718 LY57IL
287 342 15977 AD09SK
365 259 16982 VF10HH
335 381 15531 MB62LJ
366 375 15556 RI59DW
310 387 14105 LD57XR
385 254 14819 PB85ZW
292 316 16581 YO38OT
394 351 15473 WM17RG
378 272 15057 FZ31DB
394 379 13241 UB12OF
344 306 14015 VN89SW
395 315 16790 AZ58OI
259 310 16154 OI35GO
253 386 13481 QP34KW
259 354 13356 NH60BM
253 386 13481 DH90GK
393 377 16543 IS23HA
309 377 15136 MU45QB
370 366 13618 MK99FX
253 386 13481 XQ78JL
278 386 16833 ZQ50JF
268 346 14777 EE57UU
398 378 15048 KO11JO
262 389 15106 KD97EP
335 265 15168 LH13RW
394 379 13241 FD88XF
259 310 16154 JP62WY
262 389 15106 LI13HE
335 381 15531 RY72ZB
366 375 15556 FP30OW
395 315 16790 RG07UA
287 342 15977 DQ32HY
262 384 15363 GY15DD
360 331 15444 HM37ED
370 366 13618 LO38RK
268 346 14777 UT65NK
343 277 15226 TA15KP
308 371 13865 IN09GZ
292 289 14548 TH29WO
391 395 13796 XV33MP
309 377 15136 VK11KW
308 371 13865 OP28LE
256 289 14860 KS82VZ
388 268 14521 LY49WC
259 354 13356 BV79RM
366 375 15556 OW15BW
398 378 15048 VW94TO
394 379 13241 NM44XA
393 377 16543 ZA30NN
343 277 15226 TU83AR
336 345 14342 RO83QW
281 287 14581 MT21GH
335 265 15168 CQ05OS
296 271 13742 TJ32AA
262 384 15363 KQ31YC
395 315 16790 XU87XN
259 310 16154 QJ13KC
378 272 15057 DM02AL
370 366 13618 AP00VB
277 399 14862 LZ03XZ
366 375 15556 UT23PW
328 398 13956 ZP13YZ
370 366 13618 ZC31NT
308 371 13865 VF10XP
394 351 15473 AO15FH
277 399 14862 XX49GO
336 345 14342 RC50ET
262 384 15363 UQ85DM
385 254 14819 HW16IA
256 289 14860 AB71QG
265 274 14952 PP56JS
253 386 13481 TY32VL
287 304 15787 VY14UX
268 346 14777 BM97VR
262 389 15106 NO96DZ
281 287 14581 PG14ZV
310 387 14105 FM63SN
365 301 13406 IV89UB
378 272 15057 WT34RQ
376 262 16090 MK98PB
343 277 15226 OW45AZ
309 377 15136 KW00MT
328 398 13956 IX97LZ
285 258 13044 YS51WW
292 289 14548 AI52AX
287 342 15977 QL83RX
292 316 16581 BE15YF
253 386 13481 SD56GT
258 289 14932 CU06FW
253 386 13481 JS58BG
376 262 16090 GZ27IN
335 265 15168 AT15HO
366 375 15556 TO95YZ
256 289 14860 OT08NG
278 386 16833 PH54XE
355 322 13718 TO89AB
393 377 16543 DN54HK
253 386 13481 CM85IS
256 289 14860 RF44VP
309 377 15136 VO79JF
394 379 13241 SL52PJ
262 389 15106 NE79YK
398 378 15048 JZ87UA
335 265 15168 CL58CY
398 378 15048 OB83TU
285 258 13044 XR25VP
258 289 14932 EC04XX
394 351 15473 SW28MM
285 258 13044 ED64DM
268 346 14777 NQ62UQ
278 386 16833 SC49IQ
285 258 13044 CI79UI
394 351 15473 GM18SW
393 377 16543 WK69LC
287 342 15977 HQ45CS
259 354 13356 JE38RJ
393 377 16543 PG56RA
382 304 14967 ZB80UV
328 398 13956 IF19YX
255 275 13025 JS50VW
292 289 14548 UX36NN
388 268 14521 MX93VZ
382 304 14967 HN20ZY
382 304 14967 EP03OL
365 301 13406 US11KV
278 386 16833 PN96ZM
343 277 15226 IZ62DW
388 268 14521 FZ96TB
281 287 14581 DX68YI
355 322 13718 DS91EZ
281 287 14581 ME03JL
262 389 15106 YE73AH
262 384 15363 EX36QM
281 287 14581 IC12US
325 316 13378 DK50SO
258 289 14932 WJ37TX
335 381 15531 EU41FW
398 378 15048 UC70BQ
309 377 15136 EF18NQ
287 304 15787 KF11BE
365 301 13406 BB09PD
265 274 14952 JL67IT
262 384 15363 LP39EL
287 342 15977 DK07DT
385 254 14819 UV17TE
365 259 16982 HT52LB
296 271 13742 BV00OZ
259 310 16154 YN86YR
285 258 13044 AQ08JH
343 277 15226 XN96IY
336 345 14342 SE36BI
394 351 15473 EW43QR
308 371 13865 CD11QM
278 386 16833 JI91GY
385 254 14819 KG89ZJ
265 274 14952 NZ05MR
262 389 15106 ND43NM
253 386 13481 HJ61SS
388 268 14521 AQ71RD
395 315 16790 YJ03YA
268 346 14777 ML64QS
382 304 14967 KP22SV
365 301 13406 MV31LL
287 304 15787 VF21KJ
308 371 13865 GA14XJ
388 268 14521 EQ77BA
277 399 14862 UI86IP
335 265 15168 HB73IP
394 351 15473 ZN40HR
296 271 13742 LI30ZX
370 366 13618 QP10QW
366 375 15556 AA95EQ
288 346 13476 OZ74FA
278 386 16833 UQ21HX
281 287 14581 MN54SY
378 272 15057 MP33ZA
344 306 14015 OT38LW
253 386 13481 HT96JR
292 316 16581 WB23MQ
393 377 16543 ZK57KC
288 346 13476 FV12IY
365 259 16982 PV39PZ
391 395 13796 YU50BT
278 386 16833 WW35KD
258 289 14932 GK22HI
308 371 13865 YX77XS
310 387 14105 RZ32TB
355 322 13718 EX01QO
310 387 14105 ER38PL
262 384 15363 YJ54OU
253 386 13481 VJ66BA
388 268 14521 WN86VL
394 379 13241 ID53PI
368 308 16575 WY81TW
395 315 16790 ZV28XO
277 399 14862 AK63KP
285 258 13044 DU70CZ
309 377 15136 HW62KD
343 277 15226 EV34PL
309 377 15136 KL77MP
388 268 14521 DC00TR
395 315 16790 VV73RF
388 268 14521 VP88KQ
335 381 15531 CU33YJ
365 259 16982 UT48VC
309 377 15136 VI87HR
366 375 15556 SX63PR
388 268 14521 DL47FA
296 271 13742 GA81UE
310 387 14105 CU59IA
325 316 13378 HT45XO
262 384 15363 DI31XG
287 304 15787 ZQ42YR
262 389 15106 VF48HQ
344 306 14015 IV93ZA
287 304 15787 QF51TG
398 378 15048 OP03GP
385 254 14819 GX98HL
378 272 15057 VS38HA
256 289 14860 RS61SZ
288 346 13476 XB28UR
397 321 13931 MX65BH
259 354 13356 MR61QM
292 289 14548 NK43TN
344 306 14015 JV45XS
397 321 13931 QX75OM
368 308 16575 YJ19UW
336 345 14342 SY96QY
296 271 13742 XC67PO
258 289 14932 LW17RL
368 308 16575 BS66ED
255 275 13025 IW94QI
292 289 14548 ES16QH
366 375 15556 JL90LM
259 310 16154 AN71RF
394 351 15473 WA49TG
328 398 13956 HX60NF
262 389 15106 JV56OH
391 395 13796 JQ75SH
328 398 13956 MD85WG
258 289 14932 FH74SV
325 316 13378 TI32OJ
382 304 14967 JD30OX
253 386 13481 YU88PQ
388 268 14521 KZ19JG
259 354 13356 WX20WP
308 371 13865 HB74UT
366 375 15556 SY44FJ
259 354 13356 WW24OZ
376 262 16090 UH40AB
376 262 16090 SQ77CR
258 289 14932 XM79CA
292 289 14548 XS25AH
288 346 13476 YA85KH
398 378 15048 HJ35SV
360 331 15444 QH96DW
285 258 13044 BS17SB
310 387 14105 IY91GQ
253 386 13481 LU36SC
258 289 14932 IR91CB
288 346 13476 SE55KG
281 287 14581 FK15OU
391 395 13796 YS78MQ
308 371 13865 JA10QM
288 346 13476 EV05CO
365 259 16982 RY78DM
328 398 13956 XU28YZ
395 315 16790 PR46WG
335 265 15168 UL64CK
365 301 13406 SE91EI
277 399 14862 ZS82EZ
256 289 14860 AP61VL
310 387 14105 IG98VJ
388 268 14521 DZ53PH
256 289 14860 LS11IH
365 259 16982 GZ74OQ
292 316 16581 QE56ZF
385 254 14819 LD32EM
308 371 13865 FZ39ZF
398 378 15048 WY24XX
309 377 15136 DP49RA
287 342 15977 GL25BI
309 377 15136 LB74WH
397 321 13931 SY48HG
397 321 13931 GO73RZ
281 287 14581 XQ26MS
285 258 13044 HG04IU
394 351 15473 JQ11XT
365 301 13406 TO76TM
278 386 16833 TN26TO
355 322 13718 TO53WZ
368 308 16575 HU90FK
288 346 13476 GK53NU
378 272 15057 KM62QC
310 387 14105 UI56HQ
310 387 14105 TM02KM
368 308 16575 AL26CS
385 254 14819 XU02VT
296 271 13742 KR50WZ
278 386 16833 DJ56XQ
335 265 15168 ND37DT
397 321 13931 XS25XT
393 377 16543 ZN74QT
336 345 14342 BC61QM
287 342 15977 HB78SI
376 262 16090 GV05SU
391 395 13796 II44AH
262 384 15363 KW26TT
335 265 15168 ZP54WL
255 275 13025 MJ27TP
360 331 15444 TI29PB
343 277 15226 MU64YR
268 346 14777 LT97WG
360 331 15444 PR87HS
292 289 14548 ZY47QY
385 254 14819 CZ14ZO
365 259 16982 BN45HR
365 259 16982 BD37DO
385 254 14819 XE02OZ
370 366 13618 OI26ZX
382 304 14967 TI50AU
296 271 13742 OQ17QW
336 345 14342 VL91IP
376 262 16090 DI28PQ
335 383 16287 ZO26WV
253 386 13481 PT05GD
366 375 15556 NY05KW
255 275 13025 QQ12IU
393 377 16543 YV02IH
287 304 15787 SH80XH
262 389 15106 UY45TG
309 377 15136 GL16IE
395 315 16790 DU56EU
262 384 15363 FH76XP
292 316 16581 BS02ZT
336 345 14342 WJ76JN
308 371 13865 PX53VB
287 342 15977 CC85KB
394 379 13241 MG89YM
376 262 16090 MM66DE
336 345 14342 FK52QB
287 304 15787 VE04PE
368 308 16575 RO01XL
336 345 14342 UB50YE
281 287 14581 HQ75MR
258 289 14932 WQ78QI
366 375 15556 XG00GQ
335 265 15168 SK65CZ
309 377 15136 LT87XB
259 310 16154 TZ85YZ
335 265 15168 AH38IX
259 310 16154 WZ31DJ
360 331 15444 QS68WK
285 258 13044 FC46CK
292 316 16581 RJ17RJ
355 322 13718 CG77DR
365 259 16982 DN36SR
355 322 13718 GD32RV
394 351 15473 TV51AZ
388 268 14521 LT96VC
265 274 14952 LP09TS
292 289 14548 PY99FR
398 378 15048 TQ96XM
258 289 14932 HH46WN
308 371 13865 CB75KU
278 386 16833 IF23RT
256 289 14860 QQ08JU
259 354 13356 QB10KW
398 378 15048 EE27KA
335 381 15531 JU34QG
259 310 16154 CZ53HU
335 265 15168 ZU88GO
265 274 14952 HW78KF
288 346 13476 UW54CT
395 315 16790 AG18SM
268 346 14777 AU40NS
285 258 13044 LS43TR
360 331 15444 HW67LV
355 322 13718 YP46JE
281 287 14581 WW67NE
288 346 13476 IQ43PG
336 345 14342 GW49MI
281 287 14581 DW62KD
344 306 14015 LS95DQ
259 354 13356 VM92RD
258 289 14932 BL30BA
309 377 15136 BG85CS
344 306 14015 IJ27BI
366 375 15556 MO76XE
255 275 13025 RP99YW
355 322 13718 ZA94KC
382 304 14967 FC28VN
335 383 16287 MD75XL
388 268 14521 FP76EB
335 265 15168 OE61NB
335 381 15531 YC68FY
398 378 15048 QQ66NN
343 277 15226 HQ84IZ
388 268 14521 EA32ZJ
365 259 16982 OB50GW
308 371 13865 KV91NI
365 259 16982 QC29ZX
277 399 14862 CT98NM
378 272 15057 XQ06WM
365 301 13406 FI86GL
370 366 13618 CO93IP
365 301 13406 TD72MR
292 289 14548 KB28MW
268 346 14777 SD99QK
343 277 15226 ZY78HZ
397 321 13931 MI63AG
255 275 13025 HR66KH
335 265 15168 UD36IH
366 375 15556 QW08ZX
258 289 14932 GK92KV
262 384 15363 AV40WF
292 316 16581 SD75QI
277 399 14862 HT78DE
296 271 13742 TM19HK
370 366 13618 HS34RP
360 331 15444 FW75RU
343 277 15226 KS09HL
366 375 15556 XL05XV
262 389 15106 OS24GM
265 274 14952 BG71BA
344 306 14015 AZ98HQ
388 268 14521 SW90RC
308 371 13865 QA96RE
277 399 14862 NR70JI
397 321 13931 TM56LK
360 331 15444 ZF88MX
385 254 14819 YV67HF
258 289 14932 XO33YB
292 316 16581 ZO11ZU
253 386 13481 DN92AM
391 395 13796 OT38JT
256 289 14860 EG83QK
368 308 16575 DB98CK
368 308 16575 QT89IC
256 289 14860 ZN17RQ
278 386 16833 SW11HO
259 354 13356 NC88ET
370 366 13618 GB75IO
258 289 14932 FW98DR
394 351 15473 LF11FH
391 395 13796 YX14KJ
259 310 16154 OC49ZQ
368 308 16575 ZD19BR
308 371 13865 RL56TC
308 371 13865 FN45PI
365 259 16982 NA24NY
365 301 13406 WW30AB
262 384 15363 QC84CN
328 398 13956 HQ09EM
393 377 16543 KM45MA
388 268 14521 IO46EY
265 274 14952 CO52BK
391 395 13796 MZ60ZG
262 389 15106 IP58YI
325 316 13378 RY36SO
278 386 16833 HZ54GZ
398 378 15048 KW57KQ
385 254 14819 EX55NX
310 387 14105 KY65DQ
398 378 15048 ZL58LN
382 304 14967 SS02QA
292 289 14548 HL59NV
262 384 15363 LT40IA
278 386 16833 ME88GG
262 389 15106 ZX13DJ
277 399 14862 ZH25US
281 287 14581 AV77SL
394 379 13241 NO26RU
262 384 15363 RN31KL
292 289 14548 KF71AG
335 383 16287 EN49JZ
285 258 13044 XC30KU
256 289 14860 NC82PT
365 259 16982 NE83NB
265 274 14952 OD71MI
391 395 13796 AZ31MC
370 366 13618 JD90SW
385 254 14819 AX24GT
253 386 13481 TA53SV
287 304 15787 PH49AA
335 381 15531 IX73WD
343 277 15226 RU42QA
395 315 16790 JE35VC
343 277 15226 OI54MT
281 287 14581 BN08UI
366 375 15556 PI85UW
278 386 16833 ZD85DZ
278 386 16833 HA95IY
391 395 13796 RO31OL
378 272 15057 OW10VV
344 306 14015 IQ80RI
394 351 15473 MZ09AV
281 287 14581 QA21FH
365 301 13406 FG82HS
368 308 16575 KE52TX
253 386 13481 IB17UL
335 265 15168 LW98WW
391 395 13796 DG51GE
262 384 15363 WA19HL
382 304 14967 UD60MN
296 271 13742 TP02AH
398 378 15048 XJ99JB
365 301 13406 PL13RI
398 378 15048 BW40RJ
292 289 14548 BV50ZV
253 386 13481 XO70TK
308 371 13865 QS48HL
355 322 13718 TB47UI
281 287 14581 WA14CO
262 389 15106 UU97FH
255 275 13025 KD40HO
335 265 15168 QU62VW
325 316 13378 TH37UG
343 277 15226 ZM32UI
262 384 15363 IP75CI
335 383 16287 OC86AD
285 258 13044 LL33EQ
393 377 16543 KH23BL
343 277 15226 RZ18RW
394 351 15473 OC84LU
310 387 14105 WQ70QT
262 389 15106 JV22NP
388 268 14521 LR10KD
292 316 16581 AO50JH
287 304 15787 AG90RI
325 316 13378 KL98DF
310 387 14105 DR79ST
366 375 15556 WR21GY
378 272 15057 FN12BK
365 259 16982 ME68PM
388 268 14521 RV21FB
365 259 16982 TB27FA
394 379 13241 OE35HX
397 321 13931 RH91OB
335 265 15168 YW61HK
385 254 14819 DO92TE
343 277 15226 IW86RZ
385 254 14819 LM97LF
262 384 15363 BD52MU
365 301 13406 NL94BY
395 315 16790 VV74KT
366 375 15556 ER99IS
285 258 13044 ZX31EV
344 306 14015 XQ66ZX
378 272 15057 UG56OH
395 315 16790 HU32DG
360 331 15444 HT59YE
328 398 13956 KY53FX
292 289 14548 GP59SE
310 387 14105 CC54WV
391 395 13796 XV91QF
397 321 13931 WK73JP
335 383 16287 EE31GG
343 277 15226 TF26KI
258 289 14932 EY95CP
335 381 15531 SC50CF
325 316 13378 QM25JM
365 301 13406 TI03SP
366 375 15556 ZH09IZ
385 254 14819 YU42GL
268 346 14777 MB22GF
258 289 14932 TQ15QA
262 389 15106 XL26BY
335 381 15531 ZK88JX
287 304 15787 BH42QL
365 259 16982 HQ18HL
397 321 13931 LZ25PX
292 316 16581 OE08XP
360 331 15444 BP85LX
336 345 14342 KE41MN
278 386 16833 UM52AF
292 289 14548 UY97CU
394 351 15473 TE54PJ
325 316 13378 WA61KX
343 277 15226 LZ07LJ
288 346 13476 WK34KF
281 287 14581 LN80BI
336 345 14342 SP14HJ
292 316 16581 CF48OH
336 345 14342 VP15BJ
262 384 15363 OV97NB
355 322 13718 RK19EM
366 375 15556 YT39YN
335 383 16287 MG92GB
394 351 15473 WE66OU
285 258 13044 DC45KH
365 301 13406 OS16TL
308 371 13865 CE33OI
378 272 15057 FU93VR
382 304 14967 LO95KX
366 375 15556 EC10PK
296 271 13742 ZZ23LU
255 275 13025 HM96EC
288 346 13476 LD96SD
256 289 14860 PJ02VP
395 315 16790 UD92XG
268 346 14777 LI22AM
285 258 13044 OV16DQ
325 316 13378 KD21JF
368 308 16575 YG31HP
335 265 15168 ZI90WF
394 379 13241 ZQ44MN
336 345 14342 PQ28CT
335 383 16287 OY91CV
262 384 15363 CA43AK
287 304 15787 AC46UZ
296 271 13742 OW11SF
292 289 14548 HK11FB
395 315 16790 ZM90MD
376 262 16090 XM74DA
385 254 14819 YJ92CX
376 262 16090 JJ17IQ
287 342 15977 VO69EN
393 377 16543 MW23XX
366 375 15556 OQ30TP
287 304 15787 KP66DM
262 389 15106 MI83PZ
325 316 13378 DH74SG
328 398 13956 XI62YZ
310 387 14105 NH58FV
397 321 13931 DF23DW
394 351 15473 MC60DC
382 304 14967 YN14CN
385 254 14819 JI53PM
365 301 13406 MX88SN
344 306 14015 BP20SG
278 386 16833 SX77PL
365 259 16982 ZF67OO
335 381 15531 YY25VK
368 308 16575 WW34PL
376 262 16090 EA43VA
393 377 16543 IH63UU
397 321 13931 FB96HP
265 274 14952 VC06RG
262 389 15106 QW93IB
262 384 15363 OR07ZM
360 331 15444 BZ33XU
309 377 15136 RK38BV
285 258 13044 SZ57OP
268 346 14777 GA51GF
277 399 14862 TL29BT
365 259 16982 MI32CL
253 386 13481 GC81GT
366 375 15556 IU74ZI
335 383 16287 XE02WN
360 331 15444 SB88RF
256 289 14860 DI06CS
258 289 14932 OZ12CR
328 398 13956 JO98CZ
292 316 16581 WM74AO
259 310 16154 SV61PY
385 254 14819 ON26AJ
287 342 15977 XZ20ZA
336 345 14342 VE53VO
385 254 14819 IK83TX
262 389 15106 VE50SP
285 258 13044 WW19HX
259 354 13356 GY39MA
336 345 14342 EY14XE
255 275 13025 SE65IK
391 395 13796 MD82LA
355 322 13718 IO42SI
262 384 15363 IY71NZ
395 315 16790 UB13SA
394 351 15473 ES16IP
366 375 15556 QM83JH
308 371 13865 UD15QZ
336 345 14342 KA73EF
376 262 16090 LG07KT
391 395 13796 MH13AP
325 316 13378 WP31VO
255 275 13025 UJ62WB
258 289 14932 IB90CT
394 351 15473 MR17NJ
388 268 14521 CH30ZW
343 277 15226 OZ62RZ
378 272 15057 JK39VK
292 289 14548 MR90RO
258 289 14932 OC83KT
255 275 13025 MW50TN
335 383 16287 AM24LR
335 265 15168 BG92JI
292 316 16581 NH06UL
335 265 15168 TO57EF
394 351 15473 WL79HY
394 379 13241 FH34VH
253 386 13481 UA13IN
378 272 15057 JD11EK
308 371 13865 GL07LA
394 379 13241 XT87HG
365 301 13406 VW12YV
393 377 16543 LC01EF
265 274 14952 LO83HL
391 395 13796 MG34JD
258 289 14932 UU45RO
265 274 14952 LO76PB
335 381 15531 YF10JE
310 387 14105 CM11TQ
268 346 14777 VE29MF
360 331 15444 MV05SQ
344 306 14015 UB51CT
265 274 14952 PV21JO
376 262 16090 ZX50OL
288 346 13476 VL62GU
265 274 14952 KQ96UP
343 277 15226 YV98FZ
258 289 14932 KQ54XJ
397 321 13931 RB78KK
343 277 15226 IG16XQ
336 345 14342 BA19PD
288 346 13476 VP21PB
258 289 14932 SH53CK
388 268 14521 DQ26VL
391 395 13796 PI12VW
309 377 15136 QU05PI
287 342 15977 QI30UQ
335 265 15168 MF96VV
397 321 13931 TG89ES
287 304 15787 DR56WT
365 301 13406 KD49FP
262 389 15106 DU61IF
355 322 13718 DP05CG
365 259 16982 BK47EH
398 378 15048 QB77AJ
394 379 13241 FB11KZ
395 315 16790 PK23BS
296 271 13742 YS13AA
335 265 15168 XR48JO
309 377 15136 JU38TU
277 399 14862 TJ16DP
366 375 15556 TS21ZU
365 301 13406 GU83WL
398 378 15048 RV77KK
394 351 15473 SD58HV
376 262 16090 FQ93VT
296 271 13742 LE49QU
336 345 14342 HT86NK
328 398 13956 BB37HT
378 272 15057 BK93MV
382 304 14967 BS19BT
308 371 13865 JT47BC
268 346 14777 IW38QL
368 308 16575 SM37FJ
265 274 14952 VQ68TI
368 308 16575 YH17XC
394 379 13241 JW40FA
335 383 16287 CA74HX
287 342 15977 SJ14HL
296 271 13742 OE38GN
278 386 16833 QF35XW
393 377 16543 LI82JO
365 259 16982 CF75NY
256 289 14860 RP60GE
388 268 14521 PV75XE
344 306 14015 OC04RJ
336 345 14342 ZI47TS
262 384 15363 QO77EJ
285 258 13044 RT85VN
278 386 16833 EP72DS
292 289 14548 VS50MW
336 345 14342 WQ43NR
336 345 14342 QM50CP
366 375 15556 OW81FE
355 322 13718 RG91FR
395 315 16790 ED87RL
391 395 13796 MY41YS
360 331 15444 IC60OH
256 289 14860 ER45EA
360 331 15444 AZ89JO
296 271 13742 YI92SG
285 258 13044 FJ02LC
335 381 15531 YW79EY
262 384 15363 QD51WJ
382 304 14967 IU36HY
287 304 15787 YO33SC
285 258 13044 FT19QE
360 331 15444 XF38FB
328 398 13956 JJ01SV
378 272 15057 VS67DS
281 287 14581 AK27VH
287 304 15787 FM64ZT
365 259 16982 JC01XL
355 322 13718 AS68AU
268 346 14777 LN39GG
335 383 16287 AG15FF
335 383 16287 NP09WL
259 354 13356 XR29IS
285 258 13044 FN51ZQ
360 331 15444 OX22KY
296 271 13742 ZC34PM
281 287 14581 BA89JZ
335 383 16287 NA21MN
